10816248
1103808
13353198
13449778
13449838
13449938
1420708
14836988
15641008
16300478
169868
1723568
1723608
1723728
19424908
20391618
20394128
20841068
21488698
21553948
21869258
22482968
22483048
23256508
2384468
24677668
24794688
25090888
25093088
2559218
25777798
25886828
25886848
26200068
27520628
28690188
29059478
29655808
29655848
3298978
3785948
4128398
4336988
4369348
4479688
4568968
4960728
5667608
5838968
6101228
6500838
6500858
6972528
7591778
8119748
20653888
7018958
29655128
2198388
8519188
5959578
23463018
16509438
22891178
19268
22891078
22888378
1138158
14862358
4422558
7591818
4100778
25087608
20240228
22883618
1724008
6584238
14528
5956378
517318
22883418
289708
22891658
257478
26612148
28468368
26208088
11803508
12997818
5697328
7365938
7730548
4017988
458428
16464538
29028528
24507208
15417068
25293678
20886578
325208
1684338
857398
27631478
411418
20981578
714128
29654728
24836708
22258258
4997068
26005628
4338368
994878
4894328
22964858
8516878
3719298
20458028
6750138
15748
22340858
8516978
14940178
15005378
17361208
1806748
18657228
19361388
19361448
22263098
22263138
24231208
27062278
3562878
4347918
4347978
4348018
4348158
5628138
6584158
6722018
7366298
7373288
8329998
8330918
9894278
9895058
22199868
4627618
21451508
819748
22470538
2868748
29655068
890238
3350818
315968
8142218
6223618
22199848
20075528
20288018
3767668
13709708
266758
6428208
6648778
13281578
13281598
20075628
20287718
20291968
26470198
26470218
2852978
28690028
28690328
28690348
29987858
7901718
880538
28373088
1723808
11840608
28215298
1723768
10290388
1723828
20176388
5697248
1205788
6634078
22892628
416618
2835508
2603068
4525048
8118828
1723948
26798078
261558
6428228
25253438
4268268
26848
7449828
26668
20463038
23972438
867928
5697468
24970528
29445548
15883178
24833088
8244488
1174688
10175498
10748068
11349288
11368178
15634418
15634508
15634528
15690038
15776898
17635708
1773518
18420368
18420768
18927568
21705008
21837838
21837898
22712358
23264848
23516318
23868998
24359308
24563308
24970108
26795258
26846098
27232268
2789968
282188
28444038
28444098
28444138
28444158
29895878
29895898
29919758
29999658
3198538
3923838
8170298
8645688
9493938
9493958
9493978
9494078
14268
11938518
18549838
8148
23643718
7902438
22889438
20322848
21065828
6731888
3132618
516998
22363978
2325618
8053928
8053968
7537188
8054418
20286928
15137618
1723928
27393478
1505118
1369638
8175458
3719638
23462858
1723648
24358848
3785518
22891538
6991208
28770008
2859838
353868
20988
22887558
22979998
23294438
25546248
5838928
2705398
25031068
1340818
16728
15883888
11537518
20497698
17323338
23469578
7421728
13928
12686028
20679738
8461048
15004718
22005788
2790828
28690048
28690128
4353838
6428548
6601348
15883508
20322918
2240008
15154018
28100458
22974738
15462128
28690288
304098
29482228
23328
6752178
16732928
7187498
11808
22284108
6971928
3745378
20176208
2338658
23469478
26612648
28545038
6624548
6626938
7057398
709358
7450168
6428248
3444738
4369448
24359128
9335168
1461708
8053868
11833778
399148
24359468
15583818
15408178
24703288
28079228
8053828
20960218
5987738
28837798
4476788
22891898
1505058
1460448
6097148
6100448
7492018
22768
1741388
24898688
28211518
8715598
25093148
2308258
24008578
28689988
7655828
6635738
15883148
20323338
10388
20974658
23578468
28440978
28441098
28441198
29403788
29403808
4620438
6821668
6959848
6959868
6959888
6959918
6959988
6960028
6960088
17741898
1570388
21977348
2744668
6090488
2790938
13281538
16077868
26460528
28690208
28690268
8372488
25535688
27023978
321568
4369288
440228
6169248
28748748
8516738
11348748
19859648
4418378
819768
13146218
13665688
13665708
14228
14268
1464418
1464538
15881448
15882168
17888
21017858
21018098
22926118
23190418
24703368
2585668
29060738
4131548
4131568
4131688
4131728
4131768
4131788
4363558
5956098
5960198
6085128
6428208
6428228
6428248
6711888
6712008
7497608
7497648
9096138
942408
1191158
168508
24798848
695078
20979578
1723968
26833868
8191068
8759108
18492398
566338
15952358
7057378
8094708
26171208
8485438
15343788
15412588
29899718
7639578
24347498
8786298
9996068
9344818
6102368
13164638
3245648
2707358
22892608
26180768
13281558
26470138
28053828
3481258
11597768
20082408
25090908
24498558
6428608
20893268
24498518
8216808
2393568
2795578
6902608
438918
2790638
28690308
15883198
286028
11779428
22538298
2753278
15637738
17988
6902788
20371568
17414748
6169428
362568
29796348
29654608
19479078
24300598
17968
17297778
16509458
12683768
13449578
14357328
18318538
19864548
22800808
2289678
22920568
2311828
2790898
28163258
29899738
390358
4267938
4320748
5186308
6624318
7108698
7902578
9996908
20674328
7196058
27805918
7196078
20463078
24290408
3699148
1506538
1853808
22587778
253038
3549268
4455558
19427728
29904468
7203248
15881228
9919758
4640578
8460688
12686068
13393538
1356818
15641488
15641538
15641578
1710288
19563268
19563288
22408
23388
26241908
26241968
28202758
28211458
28492288
315778
359928
3746218
3746238
3746378
5029298
5215298
6153818
6451838
6451878
7458238
7548
7780388
9375388
29569578
1012138
10175748
10741568
10741588
10741608
10741648
10748148
10816228
11231738
11537748
13114828
13577078
13577098
14134128
14356648
14356668
14454018
14454038
15004878
15004898
15416928
15416948
15579238
15634488
15634548
1719308
1729168
18420208
19798038
19798158
20373318
22463968
22712378
22712398
22735448
22968
2326078
23469698
23469758
23469778
23870298
24000488
24000968
24359048
24359488
25253518
26795358
27231608
27828
28443938
28443998
28444078
28444178
28444198
28499568
2900908
2900928
2911258
29944038
3198468
3198568
3448578
3628018
3672278
3745518
4100818
4169108
4169128
4169248
445668
4541668
4616258
4637158
5029418
5541598
5626828
6090728
6151598
6191518
6316038
6318018
6431528
6580218
6580238
6584218
6584298
6964448
737398
8170318
8191228
9297608
9493838
9493878
9493898
9493998
9494118
9521258
9747818
9763378
9763398
9763418
8405798
8851648
1723988
28690228
3198448
3258968
3611108
4369408
4997188
9494138
22964818
6971808
25030308
695918
23294538
8336968
3365518
29646228
20868
23643738
28499668
4369278
4604118
246758
7992188
273918
26556018
5667998
7902558
5931098
1420278
4132488
18913608
17807408
420628
13400218
24723368
24723388
24723428
24723468
24723568
24723588
24723608
24723628
24723668
24723688
24723748
29943698
397598
425238
7421748
20323068
10697398
10697628
10697888
10805928
1085908
1086188
11181178
11348248
1156598
1164618
13064928
13314738
13349358
13349378
13349758
13349798
13349858
13349878
13446818
13709728
1374618
1386088
1386108
14016518
14016558
14134908
14135178
14213608
14356748
1463308
14862318
15004778
15470438
15540098
15549548
15585568
15674288
15674308
15737748
15775048
15787178
15804528
15861868
15861888
15883768
15883788
15952518
15952578
15952598
16281318
16281358
16464318
16595658
17274878
17325158
17357218
1800278
1800418
1800478
18108678
18135648
18135668
18135688
18549518
18551928
19716568
20075608
20084798
20084818
20084858
20084878
20084898
20084918
20084958
20084998
20085018
20174988
20180928
20180968
20181008
20181068
2031228
2031258
20323808
20323928
20325668
20372838
20372888
20372928
20372958
20372998
20789458
20859788
20941338
20942598
21005218
21554088
21626228
22010888
22010908
22050418
22257518
22257918
22258118
22258278
22464148
22580438
22619018
22771398
22771548
22771788
22884678
22886758
22888398
22890848
22891138
22891278
22891458
22891558
22891778
22892058
22920508
22920808
22920998
22921228
22921248
22925348
22964558
22964738
22964798
22970598
22975858
22977458
23055608
23064008
23064028
23064048
23064128
23064148
23064168
23064188
23410078
23586508
23586658
23831638
23831658
23831678
23831758
23831778
24285648
24490398
24783328
24783348
24783368
24783388
24794748
24794768
24827268
24898768
25029888
25030228
25030728
25030868
25031048
25031368
25072458
25072578
25087308
25087448
25087608
25147378
25245318
25494638
25494658
25494678
25494698
25494738
25494878
25546168
26081738
26088958
26325058
26381048
26438038
26450348
26469478
26530718
26535498
26612798
26645198
26649018
26672038
26770298
26775248
26833948
26840318
2702588
2702728
27062298
27329348
27680178
27680198
27713428
27793558
28019358
28163298
28175548
28175588
28176328
28177268
28203058
28491068
28491088
28491128
28491148
28491168
28491188
28491248
28491268
28491288
28491308
28491348
28616088
28654418
28654438
28654458
28654498
28654518
28654538
28654558
28654598
28748348
28769888
28773068
28773128
28773148
28899178
28959128
28959148
2901898
29059618
29096948
29219698
29446768
29654588
29654968
29655048
29655108
29655148
29667588
29899838
29943978
3188538
3209168
3242928
325648
3299098
3382598
3384208
3463618
3470788
3788048
3788168
3788248
3788288
3788328
3844678
3844718
3844738
3844758
3844778
3844808
3845138
3885428
3924118
3986058
3986138
3986158
3991818
4268598
4422598
4512138
4512218
4568828
4568908
4568928
4596438
4607648
4608168
4616638
4616658
4616678
4634328
4640638
4908998
4956838
5406448
5407268
5602248
5618698
5618778
5618798
5618898
5619138
5619278
5619318
5657278
5667698
5668728
5708258
5711858
5712798
5712818
5816328
5816348
5914958
6087768
6169118
6246468
6315898
6317138
6317158
6317618
6390828
6410178
6426238
6428118
6428138
6428488
6428788
6584198
6584238
6584278
6593548
6601388
6624638
6655018
6775548
7036338
7108618
7194518
7203328
7449908
7449968
7450068
7729248
7873448
7976868
7977108
7977128
7978108
7978228
7992168
7994098
7994178
8063458
8090658
8210418
8216918
8372218
8372258
8372278
8372428
8372468
8401668
8405838
8461248
8644468
8644748
8679448
8681088
8681168
8711098
8786498
972318
972618
9962628
1205768
2878018
10687528
10954118
11390828
13577118
13577138
15416868
15416888
18420588
18421388
22176108
22512968
22712438
23190458
23872078
26795278
28444238
28444258
29219778
6180418
6191188
6364238
6821768
7990718
9494058
9494098
6600748
10822278
17340328
17340348
17340368
20075768
24970028
28079808
28080688
4407258
5007688
28837238
1723908
14067508
15579618
21005518
21101368
2311858
23737018
26470338
26612608
27955458
28690008
29886078
532928
3384448
15856938
20075748
14067368
938678
406938
20127638
8053988
7513948
8797908
2704318
28163158
28690088
25014188
354978
9375458
7639518
1064128
1369598
1749068
6410418
5668508
21503258
26460508
28994358
427478
22068
22341288
16874608
3283738
3283818
3283858
3366478
1723628
11369468
1509018
17743028
24595288
3243558
4786558
23910478
605048
1466968
20075828
28163098
3331108
3346098
4369308
6428688
7057358
8053848
8759128
26208068
16853248
2386878
877968
23265778
26612688
4675268
8844408
7905238
965338
7901798
560948
15462148
26790618
28690068
3727248
4369698
6428428
8516208
856918
22539678
4649438
5808578
8122458
964758
965358
965398
4640318
15803868
