15648
18628
181238
211718
212358
294688
333828
334508
334748
340408
343608
344408
399768
402408
402538
409078
413238
418238
431828
433318
450388
450678
520858
566178
652348
768838
825248
837248
845148
893278
955928
991738
1032008
1035248
1045358
1046918
1047238
1047638
1048668
1057958
1060438
1060758
1073108
1110378
1152128
1162128
1163768
1173638
1181558
1187438
1190848
1200608
1303178
1341678
1464958
1482258
1504098
1527438
1651468
1683378
1687208
1706038
1800098
1805348
1807398
1826148
1826988
1827638
1828178
1832258
1853908
1862248
1865358
1873658
1873938
1884898
1919498
1927638
1930658
1939058
1941878
1945558
1955338
1961858
1963658
1965858
1966358
1973038
1975478
1979898
1980118
1981278
1984218
1986838
1989598
1998398
2032138
2039118
2039258
2040978
2043268
2044048
2046068
2050638
2050818
2052898
2057378
2057618
2075518
2100868
2103968
2147168
2149668
2163968
2164788
2185208
2306638
2313468
2314548
2314608
2338208
2338738
2398418
2398938
2399578
2399598
2399918
2408988
2409308
2409328
2409628
2412368
2412608
2412628
2413408
2413648
2422228
2426228
2426388
2472588
2473048
2473068
2473148
2473388
2473428
2473508
2473688
2473828
2473888
2474128
2474268
2474328
2474388
2474448
2474808
2475728
2476428
2476928
2477248
2477508
2478008
2478868
2505968
2533348
2690088
2694978
2698238
2736668
2737138
2784668
2802518
2856068
2856188
2856898
2881628
2901078
2947908
2950388
2954308
2954528
2956708
2977758
2994388
3003008
3009038
3129848
3130328
3144768
3165498
3170758
3179378
3194798
3207738
3310858
3448368
3466548
3471018
3497308
3522508
3571348
3672208
3678898
3682338
3745518
3768518
3796998
3862898
3943788
3945938
3972328
3992898
4124498
4125008
4125098
4125118
4184738
4208198
4289488
4361598
4384348
4441188
4462218
4466158
4467158
4481538
4485788
4486828
4486888
4571518
4593798
4627038
4654518
4845338
4925148
4925288
4925528
4939148
4960428
4967738
4967908
4968148
4968458
4969288
4969908
5041718
5044358
5090988
5146498
5159628
5216418
5272518
5291478
5557618
5681368
5796678
5906818
5908128
5990158
5990298
6018608
6033848
6095128
6252568
6252948
6255348
6266868
6267718
6291838
6292218
6315398
6351568
6368258
6368578
6399048
6475068
6482918
6602008
6650558
6695448
6794958
6811188
6815558
6894988
6961308
6986988
6988288
6991488
6994188
7013738
7083248
7083428
7083888
7086098
7086278
7087358
7087648
7088798
7088808
7089898
7091618
7092578
7109058
7122158
7471438
7495048
