6650958
6517808
4614268
4614228
4613938
4613508
4613808
4484158
6650518
4397448
6673128
2886548
3527828
7379018
4613628
7414998
3886398
5125638
5979368
5126488
406898
4614188
7415138
1194998
1776558
6176888
6235638
6502308
5172588
3526118
3540908
6542908
6538598
7372788
5062638
6650758
4613868
2364208
4184268
5004388
6020508
6519828
4119138
6504458
5018198
6651138
4613708
5056718
7344268
5175748
5195308
5565228
5265738
4613888
5126898
5255548
4613788
4614328
4614348
4614128
5052848
5215118
6502488
6563678
6651078
6673538
5265208
6511478
6512198
7316858
4613958
5018138
5538608
5264508
5575278
4319988
4614318
7377348
3534108
5113168
4554648
5050408
3916508
4998698
5018038
6651058
7337028
4613968
4614288
5220178
5565608
5781718
3526008
3545048
5134928
5226228
7273188
3951988
5050288
7369948
6512998
5536968
6546028
5226738
5256218
2786548
5192818
5199648
5582248
4614208
6547708
7277668
6650658
5119978
5162138
5183838
7271528
4613828
5069038
5162488
5541448
5878618
5096748
5165248
5541338
6560608
729408
7385388
5153108
1761428
3541648
3547328
3573158
5175768
5219118
5543398
5673228
602698
1763038
3535408
3536958
3539188
3541988
3573168
5042338
5537358
5544868
5548238
5556778
5571768
6502088
1756558
1766838
3550578
3551958
3574708
5542238
5546558
5574128
5576178
6479018
6503248
7201538
7319408
7393058
7413158
7907478
885648
1757678
1760138
1764238
1766668
1769738
2427388
3573188
3577488
3919618
5040578
5041398
5066368
5096548
5097838
5199628
5571708
5578708
5645438
6517638
6545718
7271588
1760328
1762218
2317008
3218058
3549588
3579798
3581668
4555068
5005698
5196168
5537078
5542548
5568668
6580258
7314038
7444608
5089348
862238
1759588
1769618
3150428
3531018
3538148
3573848
3574678
3576508
3716438
3918278
3920898
4553548
5116198
5549768
5556058
5558358
5647568
5669758
6547348
697328
7274408
7318098
1364298
1758148
1759338
1762768
1763698
1763878
1768718
2871748
3205738
3533548
3534838
3539958
3543988
3548588
3574128
5193868
5219218
5550378
6501708
684928
697148
1763648
1764728
1765078
3535868
3536508
3540388
3550518
3559948
3582108
3718438
5570238
7315438
7329848
7909938
1757098
1757788
1768658
1769318
3535768
3537538
3538708
3540428
3543168
3548108
3550278
3573248
3576318
3578348
3579048
3717798
597998
6551298
1759078
1761928
1765558
1768578
351288
3534648
3537908
3539258
3543238
3574288
3582218
5051048
5177468
5257828
5547438
5665778
5667958
602728
6538738
6547618
1764558
1768608
1766748
